function [rcCapacity, rcWatts, rcAmps, rcMassFlow] = recip_comp_coeff()
rcCapacity = [
5897.679
112.7528
9.887627
1.777997
0.5887399
-0.4782697
7.58E-04
-0.005700553
-0.00568108
0.001614988];

rcWatts = [
126.9581
-5.372865
8.524027
-0.09801806
0.1522044
-0.05396478
-9.06E-04
9.33E-04
-2.39E-04
1.16E-04];

rcAmps = [
3.652199
-0.0372356
0.04894778
-8.07E-04
9.86E-04
-2.83E-04
-1.06E-05
1.10E-05
-1.32E-06
5.34E-07];

rcMassFlow = [
59.33840856
1.006688227
0.203079449
0.014880444
0.012940572
-0.003534675
4.25E-05
3.13E-05
-6.69E-05
8.47E-06];

end

