function [scCapacity, scWatts,scAmps, scMassFlow] = scroll_comp_coeff()
% Capacity coefficients 
scCapacity = [4433.99929
107.9502108
-6.654767819
2.002620595
-0.221022421
-0.102641267
0.002942954
-0.009684812
-6.96E-04
2.81E-04];

% Wattage 
scWatts = [
    645.1275928
-2.295127832
-7.218567883
-0.005535838
0.042861644
0.076252192
5.63E-04
-6.10E-04
1.12E-04
-1.31E-04];

% Current coefficients 
scAmps = [
    2.558134799
0.001949876
-3.79E-04
-9.55E-05
-3.35E-05
7.07E-05
4.29E-06
-3.64E-06
1.64E-06
-4.07E-08];

% Mass flow
scMassFlow = [
    40.15698882
1.096371113
0.14024549
0.015865756
0.002097207
-0.001690066
9.03E-05
-2.71E-05
-1.36E-05
5.15E-06];